39 35
39 56
39 58
38 54
38 30
38 46
38 31
37 35
37 38
37 54
37 42
37 58
37 45
36 51
36 36
36 52
36 37
36 39
36 40
36 41
36 44
36 45
35 48
35 51
35 37
35 54
35 39
35 40
35 58
35 43
35 59
35 46
34 32
34 33
34 56
34 58
33 32
33 34
33 50
33 51
33 36
33 52
33 55
33 40
33 57
33 44
33 45
33 31
32 49
32 57
32 58
32 43
32 59
32 44
32 31
32 47
31 32
31 44
31 45
30 50
30 35
30 54
30 55
30 57
30 45
30 46
29 50
29 52
29 53
29 39
29 44
29 46
29 47
28 32
28 48
28 33
28 35
28 53
28 38
28 54
28 58
28 45
27 33
27 51
27 40
26 35
26 39
26 56
26 42
26 45
26 47
25 48
25 34
25 53
25 39
25 55
25 43
25 44
25 30
24 49
24 34
24 52
24 38
24 39
24 55
24 40
24 56
24 57
24 59
24 31
23 32
23 49
23 35
23 40
23 42
23 58
23 31
22 33
22 49
22 34
22 51
22 52
22 53
22 40
22 59
22 45
21 32
21 50
21 35
21 39
21 59
20 53
20 58
20 47
19 6
19 22
19 8
19 9
19 29
18 18
18 22
18 25
18 10
18 11
18 29
17 20
17 21
17 6
17 8
17 9
16 2
16 11
16 28
16 15
15 17
15 18
15 20
15 5
15 7
15 10
15 28
14 2
14 4
14 10
14 11
14 27
14 14
13 20
13 23
13 25
13 28
12 0
12 6
12 22
12 23
12 13
12 29
12 14
11 0
11 16
11 17
11 3
11 4
11 11
10 16
10 18
10 22
10 25
10 26
9 2
9 4
9 23
9 25
9 13
9 14
8 16
8 6
8 12
7 16
7 1
7 17
7 4
7 8
7 10
7 28
7 29
6 17
6 18
6 10
5 0
5 21
5 7
5 26
4 16
4 17
4 21
4 24
4 9
4 28
3 16
3 4
3 7
3 26
3 12
3 14
3 15
2 17
2 4
2 6
2 12
2 15
1 18
1 20
1 24
1 9
1 11
1 29
0 2
0 10
0 12
