20 35
20 32
18 22
17 23
3 22
3 2
4 2
12 10
12 11
14 2
14 10
14 11
15 2
16 10
16 13
17 3
18 11
18 12
18 15
19 2
19 3
19 5
19 6
19 7
19 8
19 9
19 10
19 16
19 17
19 18
20 3
20 4
20 5
20 6
20 7
20 8
20 9
20 10
20 13
20 14
20 15
20 16
20 17
20 18
20 19
32 2
28 2
24 2
2 22
2 23
23 22
24 22
24 23
25 22
26 22
27 22
27 25
27 26
28 22
28 23
28 24
29 22
29 25
29 26
30 22
31 22
31 24
32 22
32 23
32 24
33 26
33 27
34 22
34 23
35 22
35 23
36 22
36 23